2023080930
2023088300
2023100810
2023160222
2023184951
2023201450
2023201490
2023236480
2023244960
2023251920
2023251930
2023251950
2023256371
2023260190
2023261750
2023262060
2023264290
2023265200
2023265201
2023265202
2023265203
2023273710
2023278060
2023278061
2023278062
2023278063
2023278064
2023278065
2023278066
2023278067
2023278068
2023278069
2023278120
2023281040
2023283930
2023289798
2023290790
2023290980
2023290990
2023291050
2023291070
2023291600
2023291750
2023291940
2023291950
2023292130
2023292710
2023292720
2023292840
2023292870
2023292900
2023292901
2023293150
2023293180
2023293210
2023293260
2023293280
2023293281
2023293282
2023293283
2023293284
2023293285
2023293286
2023293287
2023293288
2023293289
2023293330
2023293390
2023293510
2023293530
2023293550
2023293570
2023293660
2023293740
2023293830
2023293960
2023294500
2023294740
2023294780
2023294880
2023294960
2023294961
2023294962
2023294963
2023294980
2023294981
2023294982
2023295000
2023295001
2023295010
2023295130
2023295131
2023295132
2023295133
2023295134
2023295135
2023295136
2023295137
2023295138
2023295139
2023295220
2023295230
2023295231
2023295330
2023295450
2023295470
2023295540
2023295860
2023295870
2023295880
2023296040
2023296070
2023296110
2023296111
2023296130
2023296170
2023296440
2023296590
2023296690
2023296850
2023296860
2023296930
2023297240
2023297360
2023297710
2023297730
2023297950
2023297990
2023298190
2023298340
2023298410
2023298480
2023298610
2023298650
2023298660
2023298680
2023298720
2023298770
2023298940
2023298950
2023298990
2023299100
2023299160
2023299340
2023299470
2023299740
2023299840
2023299950
2023299951
2023299960
2023299961
2023299962
2023299963
2023299964
2023299965
2023299966
2023299967
2023299968
2023299969
2023299970
2023299971
2023299972
2023299973
2023299974
2023299975
2023299976
2023299977
2023299978
2023299979
2023299990
2023299991
2023299992
2023299993
2023299994
2023300000
2023300001
2023300002
2023300060
2023300120
2023300310
2023300600
2023300670
2023300680
2023300681
2023300690
2023300700
2023300710
2023300740
2023300750
2023300770
2023300790
2023300800
2023300890
2023300891
2023300892
2023301120
2023301160
2023301240
2023301440
2023301490
2023301650
2023301760
2023301780
2023301800
2023301860
2023301950
2023301960
2023301961
2023302160
2023302190
2023302220
2023302221
2023302230
2023302310
2023302340
2023302370
2023302400
2023302460
2023302510
2023302610
2023302630
2023302660
2023302810
2023303030
2023303060
2023303120
2023303160
2023303210
2023303270
2023303340
2023303360
2023303380
2023303420
2023303490
2023303620
2023303690
2023303830
2023303850
2023303860
2023303970
2023303990
2023304330
2023304480
2023304530
2023304580
2023304670
2023304740
2023304780
2023304800
2023304960
2023304970
2023305010
2023305020
2023305040
2023305500
2023305660
2023305770
2023305850
2023305860
2023305950
2023305980
2023306020
2023306030
2023306070
2023306180
2023306440
2023306580
2023306620
2023306940
2023307210
2023307230
2023307250
2023307260
2023307290
2023307420
2023307470
2023307610
2023307611
2023308220
2023308380
2023308390
2023308400
2023308440
2023308760
2023308780
2023308790
2023308840
2023308850
2023308880
2023308881
2023308900
2023309210
2023309220
2023309230
2023309240
2023309250
2023309660
2023309680
2023309760
2023309810
2023309820
2023310030
2023310040
2023310120
2023310220
2023310390
2023310460
2023310530
2023310790
2023310791
2023310792
2023310793
2023310794
2023310795
2023310796
2023310797
2023310798
2023310799
2023310820
2023310860
2023310870
2023310900
2023310950
2023311010
2023311100
2023311230
2023311260
2023311370
2023311510
2023311740
2023311940
2023312000
2023312020
2023312090
2023312120
2023312220
2023312260
2023312500
2023312590
2023312680
2023312730
2023312750
2023312870
2023312920
2023313040
2023313200
2023313220
2023313440
2023313560
2023313600
2023313670
2023313680
2023313700
2023313750
2023313810
2023313910
2023313920
2023313950
2023313960
2023314000
2023314210
2023314240
2023314300
2023314320
2023314480
2023314570
2023314590
2023314700
2023314740
2023314760
2023314780
2023314790
2023314920
2023314950
2023315010
2023315080
2023315120
2023315190
2023315210
2023315260
2023315400
2023315670
2023315720
2023315730
2023315750
2023315960
2023315970
2023316350
2023316360
2023316370
2023316390
2023316460
2023316461
2023316462
2023316463
2023316464
2023316465
2023316540
2023316550
2023316580
2023316590
2023316600
2023316610
2023316660
2023316710
2023316730
2023316740
2023316930
2023316931
2023316980
2023317290
2023317300
2023317600
2023317780
2023317940
2023317950
2023318020
2023318030
2023318040
2023318060
2023318070
2023318470
2023318630
2023318640
2023318690
2023318700
2023318710
2023318880
2023318890
2023318900
2023318920
2023318930
2023318970
2023319010
2023319050
2023319070
2023319090
2023319120
2023319140
2023319240
2023319400
2023319480
2023319560
2023319561
2023319830
2023319890
2023320030
2023320031
2023320070
2023320080
2023320100
2023320210
2023320211
2023320290
2023320300
2023320430
2023320560
2023320850
2023320880
2023320910
2023320940
2023320950
2023320960
2023320990
2023321000
2023321010
2023321100
2023321101
2023321102
2023321103
2023321120
2023321190
2023321220
2023321310
2023321420
2023321430
2023321460
2023321610
2023321620
2023321660
2023321690
2023321760
2023321830
2023321850
2023321900
2023321930
2023322280
2023322330
2023322360
2023322470
2023322600
2023322620
2023322720
2023322780
2023322790
2023323660
2023323700
2023323750
2023324130
2023324340
2023324360
2023324420
2023324490
2023324491
2023324700
2023324770
2023324790
2023324791
2023324792
2023324793
2023324794
2023324795
2023324797
2023324798
2023324799
2023325050
2023325070
2023325410
2023325490
2023325550
2023325840
2023325860
2023325940
2023326280
2023326310
2023326410
2023327270
2023327290
2023327300
2023327410
2023327420
2023327440
2023327640
2023327641
2023327642
2023327690
2023327691
2023327700
2023327701
2023327702
2023327720
2023327730
2023327760
2023327810
2023327811
2023327970
2023328180
2023328380
2023328470
2023328480
2023328520
2023328990
2023329330
2023329340
2023329460
2023329520
2023329850
2023329860
2023330260
2023330290
2023330670
2023330910
2023330911
2023330912
2023330980
2023330990
2023331210
2023331260
2023331280
2023331570
2023331571
2023331572
2023331573
2023331574
2023331575
2023331576
2023331577
2023331578
2023331579
2023331670
2023331750
2023332130
2023332180
2023332340
2023332500
2023332650
2023332700
2023332800
2023332820
2023332940
2023333110
2023333140
2023333210
2023333240
2023333280
2023333320
2023333360
2023333400
2023333490
2023333510
2023333580
2023333660
2023333690
2023333790
2023333800
2023333850
2023333920
2023333930
2023333960
2023334040
2023334150
2023334440
2023334450
2023334460
2023334480
2023334870
2023335070
2023335580
2023335660
2023335730
2023335760
2023335770
2023335830
2023335850
2023335860
2023335870
2023335890
2023335980
2023336330
2023336700
2023336760
2023337480
2023337800
2023337801
2023337802
2023337803
2023337804
2023337805
2023337806
2023338020
2023338070
2023338130
2023338220
2023338240
2023338310
2023338330
2023338550
2023338570
2023338740
2023338850
2023339570
2023339580
2023339730
2023339910
2023339913
2023339914
2023339915
2023339920
2023339930
2023339931
2023340150
2023340190
2023340470
2023340790
2023340920
2023341050
2023341060
2023341150
2023341220
2023341360
2023341390
2023341660
2023341700
2023341740
2023341800
2023341810
2023342050
2023342140
2023342150
2023342170
2023342171
2023342250
2023342430
2023342590
2023342990
2023343200
2023343250
2023343260
2023343720
2023343730
2023343920
2023343950
2023343951
2023343952
2023343953
2023343954
2023343955
2023343956
2023343957
2023344190
2023344410
2023344470
2023344600
2023344610
2023344620
2023344980
2023345240
2023345691
2023345710
2023345830
2023345831
2023345832
2023345833
2023345834
2023345835
2023345836
2023345837
2023345838
2023345839
2023345990
2023346000
2023346010
2023346020
2023346030
2023346130
2023346140
2023346150
2023346380
2023346550
2023346800
2023346910
2023347040
2023347070
2023347100
2023347150
2023347240
2023347350
2023347490
2023347750
2023347810
2023347820
2023347860
2023348020
2023348030
2023348060
2023348061
2023348062
2023348063
2023348064
2023348090
2023348091
2023348092
2023348093
2023348094
2023348095
2023348096
2023348097
2023348098
2023348099
2023348100
2023348101
2023348102
2023348103
2023348104
2023348105
2023348106
2023348107
2023348108
2023348109
2023348140
2023348170
2023348180
2023348220
2023348221
2023348230
2023348231
2023348232
2023348240
2023348490
2023348491
2023348492
2023348494
2023348495
2023348497
2023348500
2023348501
2023348502
2023348503
2023348504
2023348505
2023348506
2023348507
2023348508
2023348509
2023348610
2023348611
2023348720
2023348790
2023348910
2023349160
2023349220
2023349430
2023349660
2023350120
2023350200
2023350290
2023350350
2023350370
2023350460
2023350530
2023350550
2023350940
2023351130
2023351460
2023351470
2023351471
2023351472
2023351480
2023351481
2023351510
2023351800
2023351970
2023352010
2023352070
2023352280
2023352290
2023352410
2023352660
2023352750
2023352751
2023352780
2023353320
2023353330
2023353340
2023353350
2023353360
2023353370
2023353390
2023353450
2023354290
2023354420
2023354430
2023354580
2023354590
2023354710
2023354720
2023354960
2023354970
2023354980
2023354990
2023355000
2023355020
2023355030
2023355110
2023355130
2023355140
2023355150
2023355230
2023355240
2023355250
2023355260
2023355520
2023355690
2023355730
2023355830
2023355910
2023355970
2023355990
2023356120
2023356150
2023356151
2023356152
2023356153
2023356154
2023356155
2023356156
2023356157
2023356158
2023356159
2023356390
2023356410
2023356430
2023356431
2023356610
2023356630
2023356640
2023356650
2023356680
2023356770
2023356771
2023356772
2023356773
2023356950
2023356990
2023357020
2023357060
2023357210
2023357260
2023357280
2023357410
2023357411
2023357412
2023357520
2023357590
2023357650
2023357680
2023357870
2023357900
2023357930
2023357970
2023357980
2023358020
2023358070
2023358071
2023358100
2023358110
2023358130
2023358140
2023358150
2023358160
2023358350
2023358370
2023358900
2023359090
2023359190
2023359400
2023359700
2023359710
2023359730
2023360090
2023360100
2023360101
2023360190
2023360240
2023360270
2023360330
2023360370
2023360371
2023360420
2023360421
2023360551
2023360552
2023360560
2023360570
2023360600
2023360850
2023360860
2023360880
2023360920
2023360921
2023360930
2023361090
2023361120
2023361250
2023361251
2023361270
2023361280
2023361650
2023361660
2023361900
2023362010
2023362020
2023362230
2023362240
2023362241
2023362250
2023362770
2023362780
2023362790
2023362940
2023363350
2023363380
2023363560
2023363670
2023363680
2023363850
2023364280
2023364300
2023364310
2023364360
2023364420
2023364490
2023364870
2023364950
2023365040
2023365180
2023365280
2023365370
2023365540
2023365600
2023365750
2023365760
2023365810
2023365920
2023365940
2023366040
2023366060
2023366250
2023366580
2023366610